++++++++++++++++++++++++++++++++
================================
spend: 1.5e7
earned_money: 5671415914.3274
pole: 12
machine: 5
final_ans: [735.92567423 785.92400521 835.40050944 885.40035781 935.40035629]
final_ans_2d: [[ 24.8502301  121.80320538]
 [ 24.85001509 121.80344522]
 [ 24.84984839 121.80341847]
 [ 24.84973042 121.80337743]
 [ 24.84901189 121.80443913]]
================================
++++++++++++++++++++++++++++++++

++++++++++++++++++++++++++++++++
================================
spend: 1.5e7
earned_money: 7388219417.721802
pole: 18
machine: 8
final_ans: [547.96228558 597.9597665  647.79878987 697.79878974 747.75646365
 809.74422835 859.5908713  909.59082714]
final_ans_2d: [[ 24.85091231 121.80369769]
 [ 24.85077058 121.80355367]
 [ 24.85062545 121.80346718]
 [ 24.85057295 121.80350828]
 [ 24.85021242 121.80319491]
 [ 24.84994165 121.80348886]
 [ 24.84978237 121.80334402]
 [ 24.84945851 121.80375627]]
================================
++++++++++++++++++++++++++++++++

++++++++++++++++++++++++++++++++
================================
spend: 1.5e7
earned_money: 5908295074.569435
pole: 6
machine: 7
final_ans: [511.36705033 561.3642758  629.59190337 675.17388988 725.17388953
 775.17358631 825.17347943]
final_ans_2d: [[ 24.85101822 121.80358922]
 [ 24.85087912 121.80367157]
 [ 24.85065069 121.8034764 ]
 [ 24.85059308 121.80350467]
 [ 24.85040686 121.80334941]
 [ 24.85006903 121.8033655 ]
 [ 24.8498945  121.80346152]]
================================
++++++++++++++++++++++++++++++++

++++++++++++++++++++++++++++++++
================================
spend: 1e7
earned_money: 5430362063.7429905
pole: 12
machine: 6
final_ans: [565.00830262 614.97813867 664.97813854 714.9334214  764.93233473
 814.93022714]
final_ans_2d: [[ 24.85087036 121.80366248]
 [ 24.85069399 121.80350154]
 [ 24.85060305 121.80349371]
 [ 24.85052307 121.80345086]
 [ 24.85012623 121.80328781]
 [ 24.8499303  121.80348722]]
================================
++++++++++++++++++++++++++++++++

++++++++++++++++++++++++++++++++
================================
spend: 1e7
earned_money: 7005361552.888719
pole: 18
machine: 10
final_ans: [412.84779817 462.58272891 512.58165036 562.56282601 612.55187204
 693.65549549 737.55752314 787.55692553 837.52944184 887.52943686]
final_ans_2d: [[ 24.8513877  121.80383317]
 [ 24.8511061  121.8035741 ]
 [ 24.85101429 121.80359483]
 [ 24.85087624 121.80366858]
 [ 24.85070309 121.80350737]
 [ 24.85057746 121.80350863]
 [ 24.85022766 121.80320394]
 [ 24.85000939 121.80344985]
 [ 24.84984067 121.8034099 ]
 [ 24.84971645 121.80339735]]
================================
++++++++++++++++++++++++++++++++

++++++++++++++++++++++++++++++++
================================
spend: 1e7
earned_money: 6959269841.350937
pole: 6
machine: 7
final_ans: [601.94328733 651.94259652 701.78772529 751.7874912  801.26209726
 851.14945105 901.14945002]
final_ans_2d: [[ 24.85074309 121.80353307]
 [ 24.85062228 121.80346701]
 [ 24.85056861 121.80350795]
 [ 24.85020639 121.80319135]
 [ 24.84996202 121.80348722]
 [ 24.84979758 121.80335639]
 [ 24.84958557 121.80359128]]
================================
++++++++++++++++++++++++++++++++

++++++++++++++++++++++++++++++++
================================
spend: 2e7
earned_money: 3348965904.92194
pole: 12
machine: 7
final_ans: [291.27131519 341.20856566 391.20856556 436.01634354 486.01088873
 536.00550875 585.93812333]
final_ans_2d: [[ 24.85228912 121.80486446]
 [ 24.85174572 121.8045187 ]
 [ 24.85157464 121.80409311]
 [ 24.85127579 121.80369793]
 [ 24.85106009 121.8035401 ]
 [ 24.85094406 121.80370506]
 [ 24.85085354 121.80361586]]
================================
++++++++++++++++++++++++++++++++

++++++++++++++++++++++++++++++++
================================
spend: 2e7
earned_money: 6083677684.247
pole: 18
machine: 8
final_ans: [451.47422856 501.46598407 551.4659739  601.03757794 684.2556055
 733.73633101 783.73622456 833.73622448]
final_ans_2d: [[ 24.85116357 121.80361271]
 [ 24.85104964 121.80354444]
 [ 24.85090301 121.80369553]
 [ 24.85074934 121.80353775]
 [ 24.8505871  121.80350869]
 [ 24.85026451 121.80323339]
 [ 24.85002607 121.803429  ]
 [ 24.84985589 121.80342547]]
================================
++++++++++++++++++++++++++++++++

++++++++++++++++++++++++++++++++
================================
spend: 2e7
earned_money: 4529484364.074907
pole: 6
machine: 6
final_ans: [470.24335777 520.24218331 568.52396502 618.52396479 668.52388976
 718.5080692 ]
final_ans_2d: [[ 24.85107497 121.80355273]
 [ 24.8509901  121.80363093]
 [ 24.85086191 121.80365371]
 [ 24.8506807  121.80349301]
 [ 24.85059777 121.80350111]
 [ 24.85051031 121.80343466]]
================================
++++++++++++++++++++++++++++++++

================================
6
================================
[[ 24.85368273 121.80424897]
 [ 24.85351467 121.80428128]
 [ 24.85337071 121.80453737]
 [ 24.8529699  121.80509567]
 [ 24.85246617 121.80495566]
 [ 24.85194273 121.80468626]]
================================
12
================================
[[ 24.85368905 121.80425271]
 [ 24.85350988 121.80429163]
 [ 24.85331714 121.80463049]
 [ 24.8529595  121.80511396]
 [ 24.85240172 121.80491626]
 [ 24.85190592 121.80465722]
 [ 24.85154633 121.80414105]
 [ 24.85127458 121.80369702]
 [ 24.85105735 121.80354123]
 [ 24.85090741 121.80369656]
 [ 24.85071621 121.80351578]
 [ 24.85060694 121.80348825]]
================================
18
================================
[[ 24.85366791 121.80424021]
 [ 24.85350915 121.80429319]
 [ 24.85336414 121.80454878]
 [ 24.85296378 121.80510487]
 [ 24.85245614 121.80494952]
 [ 24.85189639 121.8046497 ]
 [ 24.85155473 121.80412869]
 [ 24.8512632  121.80368837]
 [ 24.85105878 121.80354064]
 [ 24.85092144 121.80369981]
 [ 24.85075512 121.80354208]
 [ 24.85061606 121.80347546]
 [ 24.85053304 121.80346352]
 [ 24.8500939  121.80332875]
 [ 24.84987967 121.80344768]
 [ 24.84970939 121.80340782]
 [ 24.84898385 121.8044731 ]
 [ 24.84866004 121.80489773]]
 